C  -6.94221205155032983214 3.25751846971114389362 0.29266949822180360341
C  -5.75997007199840105329 3.51353280223441721830 -0.60315563452250808840
H  -8.06669978456049818760 4.77227389799329415609 -0.50321631910106312535
H  -8.96057191250745255218 3.52846821024415469026 0.08065941949111793408
C  -7.13345958567597104860 1.75638563046970364034 0.56687945210239520932
O  -5.92721694506070839736 3.21997092763061232290 -1.94238647597026314884
H  -7.32841942562104797787 1.23324273610206791574 -0.36608148993884115363
N  -8.11341255577867848103 3.76128646172823355442 -0.42555426802430096345
H  -6.23190072942679762491 1.35585570870897220708 1.02091203394490115386
H  -7.97150425495820691424 1.59831876884236256942 1.24268775778733253645
H  -6.75990368466102253819 3.76560716925232830121 1.25424642882823400569
H  -3.95790165139931637839 2.98314412683869933929 -0.86728196663698453595
O  -4.52166740517431797741 3.18624316618605707419 -0.11137495751483622586
H  -6.88250094162717562796 3.24376692405795852281 -2.10003747866701528935
