C  -6.88885586328389454280 3.09262483152925549135 0.28159437807469989146
C  -5.66655991074074005809 3.13492575739416245995 -0.58994897244096733413
H  -7.92995373639126555076 4.58869982687151090062 -0.66678609787692810773
H  -8.89573570536611946125 3.43241374325468218132 -0.01883717880319382698
C  -7.19669216141263934361 1.65582386992983843221 0.71663420566565694259
O  -5.84528898620484937965 2.97013898737792692017 -1.94352635450657595939
H  -6.34840322421391078933 1.24322825611190834749 1.25396556241276213584
N  -8.02379672647280095532 3.58985543173158783148 -0.51185554794061127737
H  -8.06925391861421203998 1.63421465091987982987 1.36602467429449347947
H  -7.39465814935474341496 1.04065757962050220442 -0.15737949992457600512
H  -6.67742518956252339990 3.69988259470635449944 1.17570222978118721358
H  -4.12922004167424638865 4.16886112557338606166 -1.02407676726479301976
O  -4.69160405882965036994 4.04528701808935586826 -0.25014184715922022084
H  -6.79989332787835820682 2.87900132688967058670 -2.09240278431193349462
