C  -12.17753863498986355296 7.59180353658376727566 -1.10309987151397081995
C  -11.99990501794103536781 6.07679746223385830461 -1.20973687660363449226
H  -10.23871405103255405322 8.07151090389451653095 -0.66970937283092180081
H  -11.32217460714235102159 9.17406238109695237881 -0.12343042171492712988
N  -11.15352014623773335700 8.18078219048527799373 -0.24212320638395234962
C  -12.34261793928026662570 5.32756065945878543033 0.08939783501846909619
H  -12.63952725082353367725 5.72311072459899694564 -2.01967821217807852463
H  -10.96890623070130565964 5.86580273418821818154 -1.49925427300760372162
C  -11.20594202252958027088 4.45086584646379179731 0.61081359636567189586
H  -12.62385179309434057870 6.04237378690273629900 0.86256315256590676555
H  -13.21054366417899927910 4.68798663900528644888 -0.08313318303596750614
C  -9.99128717469318594624 5.24693404002802665786 1.14219238485880802969
H  -11.57590543233412105906 3.82976627130880276084 1.42881875440490890838
H  -10.84606478384966088413 3.78935844336290195145 -0.17917719121778619140
C  -10.30623726470540191258 6.02408328239099510881 2.39110542334857578695
H  -11.15392348397825550421 5.81045861058975798841 4.08105598674899372469
N  -8.90184774273940604417 4.29538393594479561699 1.34447245039268015177
O  -10.61034116694503381950 5.26130957738926241518 3.50536316253279167654
H  -12.16116796268838307071 8.02608017883751756472 -2.11522145576702813585
H  -13.15046990252958991618 7.81763693020529615296 -0.65883964657932581055
H  -11.04667606708994576081 7.53939638497222386349 1.41060674642210415186
O  -11.02295101695992229907 7.19806362522897735801 2.33663948871074866886
H  -9.66118708526883551713 5.95808634628108979570 0.37614568353936395084
H  -8.08296551835394616603 4.78514137977439180105 1.69179897757626251931
H  -9.17861303991276678005 3.63913712877394468492 2.06868306834792026194
