C  -11.54455617134915712541 7.35039533752661000676 -1.16681249483607540895
C  -12.44678848646616664553 6.11862880027741695699 -1.10167454641064654908
H  -11.13271886032734414584 9.02504109962857725691 -0.06429448961518235972
H  -12.66136198069733964644 8.46506728163854127445 0.12998279130046253016
N  -11.69117125773514231923 8.18261096007807431363 0.02609765695202270752
C  -12.32960167520560190724 5.26813779766847201103 0.16572956770855690189
H  -13.48633850073148288118 6.44944631179410610144 -1.18741494938806235737
H  -12.22711006193146410226 5.49834394021696670762 -1.97302422960019185894
C  -10.98155551177278610453 4.57823700806268618635 0.38061617465224628631
H  -12.58067087632922742557 5.87314086891924791445 1.03605447975049580478
H  -13.09293869974300683623 4.48906175848896182856 0.09001427557332919438
C  -9.88501775248556313613 5.42709338204873326106 1.07044517734975119794
H  -11.13770443274922072874 3.70584741797896732862 1.01858998374517306651
H  -10.57868234352326197723 4.22687109939985816709 -0.57041617010649281472
C  -10.30620124807864712579 5.96614174001879860043 2.40637925261257379361
H  -11.16008899520648611770 5.45072134251690076923 4.02749689277383993158
N  -8.69665902813866331655 4.58059947316291093955 1.16440881723105382761
O  -10.58833900498844293736 5.02376600514658200325 3.38014025125356143420
H  -10.49834104608308038564 7.04649799594375547684 -1.23544540060458851727
H  -11.78729758156776163958 7.90340951156271653844 -2.08865960505093850585
H  -11.21989931746239577137 7.49615218005952588243 1.60914708532176264910
O  -11.08282800437270054772 7.09836336901314091108 2.50182280014621216679
H  -9.61756953840248485221 6.28122395603512906348 0.44121789203443273486
H  -7.93870136727978970015 5.10516438926843640900 1.59003434324389969490
H  -8.90073725737277499093 3.80352997354501098926 1.78581744396280539533
