C  -4.56903465940362885078 -0.21100297794487829495 -1.92769363357819090155
O  -3.89577842320298284307 -0.48727180803916764207 -0.97220320588144271134
O  -4.06819921296310038628 0.40008429949897950095 -3.01161198800510465645
C  -6.05656933661443375172 -0.50055248393813212004 -2.06029035036741614562
H  -3.12065819091768403837 0.56951162971303137539 -2.89434344623145545228
N  -6.69067722510569495853 -0.08661719303202634890 -3.29086855455548876748
H  -6.19081692111836989767 -1.57989199145050052131 -1.93477970868777715552
H  -6.55978962758612915707 -0.01453923770533413484 -1.21811872377943375412
H  -6.59166348941685953378 0.91459947884522452277 -3.42040042840948554925
H  -6.25030591367111831858 -0.53836671594718998879 -4.08522396050416869429
