C  -4.49787209836093460069 -0.41681431837809224117 -2.32829626193852012861
O  -3.70044068047289620438 -1.16169988711427984995 -2.83048502921384592668
O  -4.17014889017184842146 0.81247375761475515432 -1.90407466954210935484
C  -5.98619024678599132017 -0.68516385585569095085 -2.16343870272508853603
H  -3.22734133708728743173 0.98592224621947321950 -2.05403837327560001569
N  -6.78731457440952290483 0.10959305085848225492 -3.07969160879674408449
H  -6.17739113552061258616 -1.74279125083637675964 -2.35418160229186623766
H  -6.28426448322412500858 -0.43361238759108416962 -1.14283766160054933714
H  -6.62612944346277910057 1.09829373148386078007 -2.91812994274294634778
H  -6.53640011050402058856 -0.10024808640104276858 -4.04036014787270136850
