C  -4.41913169642690650818 0.19306840744849357305 -1.77676048821472543082
O  -4.02739222935906227008 0.74687370629319471682 -0.79091199809384349351
O  -3.62546166979152939547 -0.19565387002815617934 -2.76838353118297453292
C  -5.89448454985478598189 -0.16102118912434962295 -2.01461354470395770377
H  -4.19094279080579390495 -0.60525024509566449638 -3.46015070759630205544
N  -6.09142715485475072512 -0.46208832236359309587 -3.42785433007658690840
H  -6.09913602276613886488 -1.05853200862538265881 -1.42399808354630752483
H  -6.51924283269610693736 0.64879522125659105924 -1.61895337778658410244
H  -6.91421576418610683845 -1.03406841547965022698 -3.57367032319605559820
H  -6.21205828925883452030 0.39382971571851632664 -3.96023761560268106052
