C  -4.14584391214050551611 0.34853683093417608951 -2.50014471690134199022
C  -4.66413599119214872246 0.60826595383210557699 -1.10832634738829827192
H  -2.35250088258781442363 2.99362320457431785314 -1.11289515651834558518
O  -2.99255536769116003981 0.25464927183577734660 -5.50683191357289558709
O  -2.97864409113117556416 0.07479504149649962574 -2.74461715052674826154
C  -4.11553617097564039540 1.98241962362497914363 -1.00281541927171691242
H  -5.74843545850656134633 0.58469273006007460580 -1.07280764859582222748
H  -4.21899335132905317636 -0.07713141134227474716 -0.38809017351295693743
C  -1.97588757450561613993 -0.01254864772317065835 -5.04129491748709313015
H  -4.64602890853056305076 0.55119158193503259291 -4.33670267299687495210
N  -2.78152385115319766840 2.15947142805139957744 -0.73744349723859414780
O  -0.92853072978385853276 -0.27296391119028706740 -4.67210024745666974155
O  -5.05577290344090712892 0.60149197600304393774 -3.45635671555512757891
H  -4.69578979039489752267 2.83304123675976127217 -1.31198886226122657384
H  -2.22128001663678320554 1.32547809114855019708 -0.87611056071625337260
