C  -4.16068080525233519040 -0.06463479250277892607 -2.50545644328194860861
C  -4.77591622867481913062 1.15382595317578817706 -1.87158446921655929884
H  -1.72107425698719818108 1.73077000883163600875 -0.69383845041882574733
O  -2.37356237107416045973 2.42911076404589998390 -4.22198843422294611827
O  -3.25366897123777043532 -0.05133631103732427814 -3.32445909142294615535
C  -3.70879143446318426669 1.30973394918923036201 -0.85373970463931514452
H  -4.81934845756286733831 1.99255014478052672189 -2.56332308990803614535
H  -5.74734255654298209492 0.93101378238645005059 -1.44017739604852401669
C  -2.60616675543060871689 1.65146102622587109821 -5.03476623915224141825
H  -4.11785228330263741725 -1.96371494511277022710 -2.31593042993852238354
N  -2.58238077333818338843 2.03424551174289769406 -1.12487732831700748548
O  -2.81633178113871585069 0.95502720021958265040 -5.91465554344208221949
O  -4.62611869648296103463 -1.21580074511363145362 -1.96888563519451054162
H  -3.73386442971961507453 0.72992118858354870792 0.05135855099129660317
H  -2.47835919879181343362 2.33284026458504945012 -2.08620229578784366353
