A
10
-17.8775431055
C  -4.55557318985407722067 0.01744172476119611528 -2.42097942361354068197
O  -4.20921741177205710471 0.56437486676997694612 -3.43376086894113230485
O  -3.71858568189851457220 -0.24931655694775170518 -1.41229131669184249098
C  -5.97302745300217718949 -0.44863442103623873969 -2.13252902643803299298
H  -2.82196955032510565786 0.05817674733158849365 -1.62222862508441800777
N  -6.91241085560198254001 -0.18037820991450848052 -3.19797841281972550220
H  -5.94446792352331421228 -1.52473708262242579892 -1.93730326498853888673
H  -6.31361304284048596713 0.04382886279411258440 -1.21688524294585342922
H  -6.94256971219567109443 0.81647579313268991985 -3.38845154350012300881
H  -6.60205817898660285437 -0.63127872426863806954 -4.05312627497676736255
C
14
-24.2871732974
H  -1.44234506655229210992 2.08243984116607405710 1.64685843574687162949
C  -2.90484185196667787920 0.98502059177905754161 0.51352026881384016388
H  -2.80896975447108987467 0.06900240680766490942 1.09337362738520282868
H  -4.01189313192172569700 3.02949144848985651990 0.58077141850931468525
O  -0.11176445337046971018 0.02546158168863686330 0.97110627736312937763
C  -1.62574754162738344121 1.82480884293795453388 0.59864989945184066134
H  -1.04107622819771439282 3.68938386818302088699 0.00552670156649521811
S  -4.31443220346343547789 1.90062214388811034915 1.21568575092767305890
N  -1.79636689429951523778 3.03778622606126535999 -0.17450597237765502756
H  -1.76845104651133633311 2.81191389221901122397 -1.16543759484795828030
C  -0.46982539951679475054 0.96361190152527009811 0.09415170393330535292
H  -3.13429415992642157462 0.74376640715439235052 -0.52543322752692689370
O  0.05269511411884574698 1.10354735821537119911 -0.97895651355168411545
H  0.61057761770605667451 -0.52032151011575644706 0.61916322460650730086
D
15
-30.7902635341
C  -4.56026788203937183397 0.49701440458933765498 -2.71310739370568843043
C  -4.90563147126127940822 0.97299871921164871047 -1.32642031312379904406
H  -1.86928106510553027064 2.31016867118923974189 -1.47150394990046784471
O  -1.51491577283905121121 1.60564340862811238964 -4.04320032649249760937
O  -4.24574824343830048434 1.24001839905270716535 -3.63234178802140439402
C  -3.49875303949734428599 1.21610996836378593144 -0.92318803507789826135
H  -5.49845107132681398809 1.88588751396906673108 -1.35357782362208678428
H  -5.38591676225875648498 0.19450558920531671458 -0.74260945857998783559
C  -1.98018829657647676967 0.64964753884278170215 -4.46655391099993881454
H  -4.11470132995186244074 -1.10205236978479059751 -3.66671439722547543028
N  -2.86608514695894900370 2.36574286877076467306 -1.31454993374033546338
O  -2.34773863040542574154 -0.34861421481753135376 -4.89406497447546140478
O  -4.47282586154703754033 -0.84571709530770111662 -2.80170476937094603542
H  -2.91051483694833512672 0.43367712598476748642 -0.47840795446234535282
H  -3.35043958984540557466 2.87998247210247626526 -2.04058097120169135152
E
19
-34.4994794747
C  -2.51142882030230207846 -0.40526745363895094743 -0.19050404190669689708
C  -2.29272226603007567292 0.80553469845346659106 -1.06550514836357068660
H  -0.66982054273467006578 3.06148145345487376900 1.72397081687972519859
H  -1.98670191928877981624 2.20765259021056126088 1.29266982463132373837
O  -3.50365683988242393454 -0.21570608060783988402 0.68063777836171557301
C  -0.82397482286180367961 1.23723732097087490978 -1.07009035463557200529
H  -2.58045516039690259191 0.53462614567623611972 -2.08358734047513172172
H  -2.93287766783367276346 1.61613385005552667728 -0.72143580624583347749
C  -0.30275604331656807977 1.62343471578568654401 0.32910218018959780384
H  -0.20497642639521834740 0.42616090676867707243 -1.45557815873689100350
H  -0.72084582173064637445 2.10584068794366485733 -1.71987487945734041084
C  -0.19635218273661925181 0.36658246578585146347 1.19153627072195322789
O  -0.88982011994000675958 0.14981467711634841034 2.15227348489838554713
N  -1.14159653739733824018 2.64108181775397898861 0.93096238661742214404
H  -3.59711844918103373914 -0.97954919060112122242 1.27213668546843639007
O  0.75691668666225675466 -0.45854472913511268306 0.77013121299651188245
H  0.71012188481754889846 2.02188896349333191438 0.20500900134043689715
O  -1.88286597024962731872 -1.42925338101532450885 -0.25109067675821161725
H  0.74195601879790418209 -1.28982645847073928991 1.27113376447375125977
F
23
-35.9253558641
C  -5.92613287270496069681 0.08287593931942864589 -0.94252457135664102772
C  -5.22844539872684510584 0.88017176117612927477 -1.83321117968948521515
C  -4.92412432205093875126 1.26742968204669148591 0.88607945082100836309
H  -6.32347062807706006282 -0.33124164836388669819 1.11942512739523158949
H  -4.81636989015029026717 1.42403443003744500928 1.95042173669915275269
C  -4.37790487553591134429 1.86611482039556597634 -1.36444217527287237068
C  -3.24289534976120208398 3.09631240774207938671 0.50997309226158293871
H  -5.34644857576314525005 0.73388273640171541867 -2.89704591892150009613
C  -4.21084924377000735518 2.06584417805024722625 0.00051599491548513213
H  -6.58798335084400843442 -0.68852906093674304255 -1.30747179024042714524
C  -5.77570556304692050986 0.28243543079641386662 0.41906830177589210473
H  -3.83893985831664164010 2.49128357873854167082 -2.06163624037809878331
C  -1.81958680694034824477 2.50875147702394052374 0.64402780978666240852
H  -3.18174657557349949144 3.93449500646770777834 -0.18454744961549249260
H  -3.55859970095635880227 3.46054444735347299655 1.48823406450902617770
C  -1.86650687219808375517 1.26875578787045517615 1.53024832287131151709
H  -2.20830431478402067214 0.73705381358086463628 3.32819511860694294825
N  -1.26306429587231394684 2.23349814463912110796 -0.66314671524154111815
O  -2.18263699101224517563 1.55068613025715440479 2.79899053709788292466
H  -0.32051292610785681036 1.86876744866238642118 -0.57197568268324894269
O  -1.63085116394642137827 0.15286070981867727614 1.14971744349940130370
H  -1.18493003416182607346 3.25139908743138805747 1.14252283906635310196
H  -1.81549238969898274476 1.51041469149116847071 -1.11574911590664016536
G
14
-21.4784354963
C  -6.79713461780813066326 3.07482374911180755817 0.24231360423986808561
C  -5.92959540956131370137 2.95492684659752136156 -0.98642031320087242285
H  -8.23381578076466347227 4.40485550351545906977 0.83788314229573956915
H  -8.38194549828307877704 3.92331490020046347311 -0.71899865498390347351
C  -7.48538492285588485942 1.74194834910706219944 0.54885989195216333680
O  -4.92672289603225355137 2.01762785177957226779 -0.93984792376374615142
H  -8.14623415124755290151 1.46541567816833517846 -0.27039990706459948733
N  -7.71071848475854348948 4.18973316984882515612 -0.00361097628759312608
H  -6.73535599621448710650 0.96580852669705430369 0.66404570389174955025
H  -8.06720982347474624419 1.81437732662215212009 1.46593931528931631370
H  -6.17898695742417469745 3.35875673125805551678 1.11333912637385079591
H  -6.18199507326630381954 4.80894428783269756167 -1.28755323102746377373
O  -5.55432810852160230297 4.13700792810478823469 -1.59359999912171268477
H  -4.22791327978729913895 2.31807415115617265755 -1.53298377859279133517
H
24
-36.3784954335
C  -8.62104099788182232089 2.27917467539097584606 0.05776222900606419602
N  -7.28731699670463672902 2.38912855623336062294 0.66810210554156435059
H  -8.54996790079034596488 3.93656474128102562560 -1.07498340838185812984
C  -7.15036520222655003209 3.72490124308013825782 1.24130930460493416057
N  -9.03274474206689959033 3.62559348760596478201 -0.23089770858781757945
H  -8.54817367567842012477 1.67364105731084111817 -0.85042972753509227246
H  -9.33187360501807461333 1.81788127677113298120 0.75861012869197985697
C  -8.49944891651229106344 4.39451328028411580817 0.87833652292928221517
H  -7.05965938861007735738 1.63171338835555523872 1.30009852509360812611
H  -8.39425731157800925075 5.44226440862320703928 0.60898963694711649719
H  -9.18973615464720694490 4.31082472108677094980 1.72479024018406779106
C  -5.91743487946643131892 4.38389382087286083589 0.60296465476046301468
H  -7.01827063604922596340 3.68732298003238456729 2.32761035575407504439
C  -5.72587966061632158699 3.82953671270201345678 -0.80969200303534127894
H  -6.02575234335050957668 5.46755264620013115007 0.57660714593332518252
H  -5.03218867406319603219 4.13209853151404971072 1.18736362123735816887
C  -5.89204282013498392701 2.30492132894719814473 -0.78441066236485768037
H  -6.82793622051717896682 3.69619408862014831030 -2.49092461039027357472
N  -6.68918334227776778533 4.37943547692470502852 -1.74922633991962817035
H  -6.35030280816944348032 5.24151329041466595982 -2.15978831247211733313
O  -4.91981886497030451721 1.72284230509822822164 -0.01302911275433147643
H  -4.68194611824674478129 4.00670391308620033044 -1.11866692305438397703
H  -4.90755902461913695589 0.77747712332341356589 -0.21792000195140190377
O  -6.42938971580453078047 1.68167894624096980749 -1.68419966023672218469
I
22
-30.5393261467
C  -9.13891955269562217268 4.40527086185724758849 -0.78365938722178263287
C  -10.57154975001257213307 4.34735135367738489975 -0.26545508354992342070
C  -8.13108971884178011180 4.76629894120825348125 0.31567611361540626191
H  -5.29380622394380306872 4.85067614433328042622 -1.47776632883487324399
H  -6.79458826785248515279 4.67213126452311211523 -2.08522805859257998051
C  -6.69237407827975783192 4.36084605405170488979 -0.08514045937934738850
H  -6.73152447465742742594 1.25886066738231305884 0.84406455538217828316
C  -8.15547195906952637756 6.25868134858809277432 0.62994097123784120740
C  -6.60363363740004150060 2.84565009416059533365 -0.20701912981576311990
H  -7.78732586199890519651 6.81600474341077777751 -0.22676163174284622026
N  -6.27366447951480754597 5.03921494477945319801 -1.29496312742130847973
O  -6.78747518223362966694 2.22097141644547235728 0.96168738856222146794
H  -11.25012314457737261364 4.06881267562689341588 -1.06839228088298843211
O  -6.38604123316827099188 2.25368250020412297374 -1.23238309519558053573
H  -8.38183339056266163425 4.20121099416762433520 1.21961414427100045543
H  -9.16501547855425258149 6.58578160472488338684 0.86128191226857653273
H  -7.52025666161343764315 6.47850031413037008576 1.48444941726862267295
H  -6.02155358336010415599 4.66049423044446697872 0.72896124485972857432
H  -8.88371717185420450846 3.42932221155434868720 -1.20428937513958289607
H  -9.07407115573499112315 5.14312150573058080028 -1.58486822980751651535
H  -10.66114863084448494135 3.60993690119077381695 0.52963880157597920117
H  -10.88689936323008744523 5.31146522780816798814 0.12453863854254570986
K
25
-34.3930559159
C  -12.66267660468276901042 7.47754156796969571275 -0.72999525363207617978
C  -12.26790794079471247358 6.16322280598857386025 -1.40506068062406219710
H  -13.65416025233021635188 6.67076624403567919330 0.86485760558591362468
H  -13.14870016211959757868 8.20806343992114761932 1.11441896629667436258
N  -12.88623907397690615539 7.31673687141813910984 0.70549175561443178140
C  -10.92941977288674415547 5.60444473492098538259 -0.91488931289569774830
H  -13.05491194311948888185 5.42149994464464679567 -1.25096189438475313693
H  -12.20559679520893503479 6.36014891172075635950 -2.47708894405005031203
C  -11.05126791722840629006 4.77239769533772317800 0.36469328041444210031
H  -10.48743006072082373237 4.99003752219805640777 -1.70033706825501251814
H  -10.24449975331638107434 6.43533250643409271419 -0.72779302135759715853
C  -9.79710138395917162768 4.87493967916280812602 1.23573138341270261087
H  -11.90280620571681069464 5.11093014042646398565 0.95421148158432333997
H  -11.21745420525826730795 3.72152885217174045351 0.12780039866448711372
C  -9.50893682279816587766 6.31457734290688588175 1.59226112164290345419
H  -11.30736394116300935764 7.06295541793455861068 1.62140176493352283771
N  -9.97221723474353360928 4.01505763445277086277 2.41250690229885789151
O  -10.49193329082188341772 7.09498553206562831974 2.16892114993253581900
H  -11.85204832945871622485 8.20164974148058689707 -0.85007988419288527115
H  -13.55165022997653778702 7.88038437827446536232 -1.24207973355145862016
H  -8.35489494584920855402 7.29982830786447767224 2.74372319965261146635
O  -8.27458334855289834309 6.52463097320702178905 2.17564051273087910587
H  -8.92672552474218328200 4.49318284185523797447 0.69261259833933674912
H  -9.11586944070270988050 4.00474762452176147320 2.95614636847247602702
H  -10.70648381987218300537 4.39390228908573554634 3.00412030336750479620
L
22
-30.5404109481
C  -9.34588566753082616856 6.32734784870120048339 -1.63535212276432684320
C  -9.01583222777266435344 7.06183014146739207462 -0.34272048345097710920
H  -8.63183701355771404451 7.73515119476278645294 -2.92255268597742734471
H  -7.53079798901809116529 6.61207742815655752366 -2.48880468378968711107
C  -9.17778896651820907948 4.81964011766054145625 -1.38130450786179537204
O  -9.95203851100310643574 6.89763408303928571286 0.59884745602748090665
H  -11.27028169745081775943 3.31829871537019016614 -3.70824974016207997707
N  -8.50627668505367573459 6.74519077125284649554 -2.73950997377518135067
C  -9.53371500283332906633 3.97042745291441212530 -2.60617130486483894458
H  -8.13389308641247232856 4.63786493710800584722 -1.11332273671026293904
H  -9.80393332599375177949 4.53185210666467686025 -0.53502733642294553196
C  -9.02026597054147316612 2.54554850466853643809 -2.40930095716492154168
H  -7.94155136930410865403 2.53775492955277570672 -2.27145620650564872278
C  -11.03901489190068829771 3.95250181545494827517 -2.85572040276681216042
H  -9.48204995428371688604 2.09302853904124663842 -1.53383419364039519373
H  -9.25746602624577619167 1.93326279292459224379 -3.27596875518419494711
H  -9.03722247726139293889 4.41319654239893655046 -3.47410143644481683722
H  -11.56524114264246172468 3.56296586271171644711 -1.98625354444276380761
H  -11.41223421709112706424 4.95004346297755848383 -3.06922757040998694933
H  -10.38986362533638541095 6.54096505454597387796 -1.88546420609799270096
H  -9.69963730377895494428 7.36237417545422623277 1.41303758428829784322
O  -8.02276884846931181983 7.71806952317152994425 -0.16605519187874515086
