C  -6.57887069094225829247 1.04526802973362187288 -1.32872129629964530473
C  -5.40536219201033496518 0.85846631313525867402 -2.03881124221381782036
C  -5.31980564520831933351 1.11896909634295216307 0.71033821751520509480
H  -7.44573342273160498905 1.32164107293515531438 0.60900724939122741208
H  -5.28847176906848392974 1.22155327237158584097 1.78622042443735606909
C  -4.19261689910838430961 0.79951867654232355864 -1.37551478935296511708
C  -2.82294106570735348072 0.89751407840228414337 0.72828442364511336571
H  -5.43532125039151914336 0.75823312078651683432 -3.11402623663256461484
C  -4.13855447823866029466 0.92642356228394384665 0.00555453614865972223
H  -7.52604565626955057667 1.08948696490716745444 -1.84610665889747993518
C  -6.53347255369873458619 1.17559227626132933864 0.04877567421097431244
H  -3.27871400680756641677 0.65978187241252672646 -1.93197297069921036794
C  -2.22187534260926877749 2.32038645797714293550 0.79871059236301455986
H  -2.95964986254241502195 0.52756323132012239441 1.74556643679357970100
H  -2.11640190689657181622 0.25048330094761084297 0.20507755206201805365
C  -1.01851807137012118076 2.28139245685562919164 1.73300622543384119645
H  -0.57616826762534811834 2.10862255034216650174 3.58167697808877250054
N  -1.87636694333808340396 2.77836811592028132267 -0.52888538612294810903
O  -1.36560670761967228870 2.15051762947799041115 3.01794957891396853356
H  -1.61462471964325460227 3.75778565122271146492 -0.51195857452994741887
O  0.12604713946673840042 2.34804226828253970183 1.36894809853122656484
H  -2.97199612304406279861 2.99349387338768346822 1.22721452922316309753
H  -1.07043156459503441269 2.25873712815156002520 -0.86466436200964635894
