C  -6.47534429806305666943 0.99730248909328222950 -1.39409875959060558515
C  -5.28804500640943508927 0.77301110487925661641 -2.06820346303436419788
C  -5.26592417789835742781 1.14305190426059599673 0.67223234836015310911
H  -7.38588209686113650321 1.35342143427944705536 0.51019293819527034017
H  -5.25795869836820095600 1.28698624516462589717 1.74324686916861715247
C  -4.09164469088901405769 0.73383851466053484636 -1.37253570277543679445
C  -2.76980512247128718428 0.92865167462132758303 0.75473837852110281510
H  -5.29143650733118597884 0.62796938826652826116 -3.13862516177368178205
C  -4.06782591037402685430 0.91528093646856756305 0.00498234585476040048
H  -7.40899406911965563438 1.02739481025911416623 -1.93576064667761738036
C  -6.46151643696676458717 1.18034750331285853697 -0.02105204392235385247
H  -3.16846845951942146513 0.54856887710255453072 -1.90454777922332674223
C  -2.28227338613895014419 2.39776572345357408267 0.95033743424674888001
H  -2.89354816530348291082 0.47259451102106564413 1.73831936367161743462
H  -2.00205470407127883448 0.38019859340327788466 0.20393211005141254066
C  -0.99818928002841644798 2.31109919094769056258 1.74933008809007883855
H  -0.38859643423183731770 2.22551047520549083458 3.55418893838681260178
N  -2.02986285621838780102 3.11994207827353209339 -0.27346325955485184522
O  -1.22384806348988783853 2.31334579126247330549 3.06667369810013079601
H  -1.16134974153038550426 2.79803366751423343572 -0.68906873437657811809
O  0.09956454007229709191 2.19669098887694413946 1.27569676839794166057
H  -3.03358586758190229560 2.94036293981681895460 1.53442485029383668405
H  -2.78491256720628399535 2.97647215785612084815 -0.93527158040971525299
