C  -12.60951770921912107326 7.45411826997421833596 -0.71771973682297951491
C  -11.33993452378612687426 6.67553383535155298034 -1.07030669557886826126
H  -13.59027584590072024184 8.05469758673790003911 0.98164351274206196329
H  -13.51271398609767260268 6.43071361775113636838 0.80785707730645317515
N  -12.99089193469220226973 7.29218721059233310200 0.68662041630913339674
C  -11.44475952456063438945 5.15519248850101519110 -0.92791940417219520576
H  -11.09879650897232217233 6.91606459253369454387 -2.10751909708140683364
H  -10.51217361911088232773 7.02085104431896489530 -0.43989949518648618909
C  -11.25766613246035241502 4.61847642642502798083 0.49293229559483869862
H  -12.41380479938852765542 4.81910438291433251834 -1.30765501818341234319
H  -10.67516455093234561957 4.70349249277395475843 -1.55730144839595707751
C  -9.90019663002802019491 4.94682364329799995062 1.12005909541423198661
H  -12.04412907781810915253 4.97735364234497623670 1.15623745266680022503
H  -11.33157229896655415757 3.52961439502662921441 0.46241691535989670747
C  -9.74896620288411774879 6.40813680131259655326 1.47629134751405044490
H  -11.54603285764295961258 7.11144887818976556559 1.72269154561276427451
N  -9.72538650883107180789 4.07430952742343599482 2.29129618773404208909
O  -10.70614127779526825179 7.04300595516361482851 2.23934965244533978890
H  -12.41117353788364496836 8.51620083328820953739 -0.88518224240570608785
H  -13.42084163124292928160 7.15444590077100528447 -1.39845721778325282614
H  -8.53651080105224480121 7.50473843135504825597 2.45809472001430595611
O  -8.46473955561454616259 6.76416431085442582116 1.84422664446742046174
H  -9.09520602787628718033 4.69577610374774856439 0.42131597333640036229
H  -8.79836933995264303121 4.21358619522566346660 2.67945367466400519163
H  -10.39791411729087755589 4.33345643412473524592 3.00772684442847060282
