C  -8.62674570070094226537 6.21133308387119242866 -1.91722329888289100275
C  -9.44557914449761604203 6.99110367896526874176 -0.89869315315390208010
H  -7.09744794428288194865 7.55227355381146825408 -2.09283482039898371951
H  -6.87180244756958735763 6.43178697417167022365 -0.92722560617638971614
C  -8.76103582623257715056 4.70664791373456203871 -1.61687797045378545135
O  -10.72344249475186117593 7.14874293026980822674 -1.26227397546017994223
H  -9.44960212900361362642 2.05894603931969344401 -1.67767901868646873709
N  -7.22096345845646858663 6.56960070385531746950 -1.87134824261522147992
C  -10.11033063883984794984 4.09161812368573407639 -2.00058407670552851343
H  -7.96032339450991077712 4.20433058410474647104 -2.16222029692679473811
H  -8.58033596529618769466 4.55830321820757866647 -0.54906279296922155808
C  -10.25302020141842263001 3.96054487538501520660 -3.51507283366890632692
H  -9.45858087505116351679 3.33564796201310187485 -3.91720153653372271663
C  -10.24901268595735182032 2.71788965406785187895 -1.34569320685071458499
H  -11.20839295222519993445 3.50464993852415807041 -3.76433955560761379644
H  -10.20729553930303623588 4.93140844002123035494 -4.00057007195476721506
H  -10.91445352166483395706 4.73572137843172935590 -1.63085832505447081431
H  -10.19987858943436087600 2.79836395701502382849 -0.26208780924974095505
H  -11.20058605634666015760 2.26365907197920313010 -1.61152466470116406683
H  -9.01045866502951220411 6.42885135435579346819 -2.91759475898917886028
H  -11.21440779590736980253 7.63443273775943342940 -0.57929895358297489594
O  -9.00589997351996096597 7.43116982645031143306 0.13175196862254745511
