C  -9.36446379552776342337 3.20194753016551381108 -0.32071312946717894787
N  -8.03000831665916869895 2.60480373025727107716 -0.26072219663115758781
H  -9.96682493344404285551 2.95787478367256628786 1.60696696979110598136
C  -7.29154766738986559460 3.44992461673111971976 0.69113655944098129069
N  -9.67240389193723260064 3.71784140552975239657 0.99944714208106144593
H  -9.32087343781755350847 4.05319756901266448068 -1.01047323558762980333
H  -10.11154198986041308217 2.49212845434611551809 -0.67313577439799832103
C  -8.39645030130255420886 4.25495409380377331843 1.44991173147614849093
H  -8.09710542860010740185 1.65842551860097309202 0.10328657693944504059
H  -8.35073114447350484113 5.30777256311652223530 1.15825190784256371046
H  -8.29502669045060514463 4.18748427926050759140 2.53092196594609752935
C  -6.32233094134222195493 4.38729218579367596931 -0.03487934479990664749
H  -6.71713662026350100120 2.82624751943878083082 1.38042193206734231659
C  -5.23946699455810716017 3.62966297469751264515 -0.81880778167475209983
H  -6.87854809364332275834 5.02559900041140927840 -0.72501098761901583423
H  -5.83426586789129419941 5.01472459534054237906 0.71115628013620446612
C  -4.46251030590066832815 2.67670927780814427166 0.11263168563666489663
H  -5.84171456974549929697 3.41669969485808477927 -2.77342228090339970592
N  -5.73429164908782595944 2.84387240275298314174 -1.94515128121742342238
H  -6.65869114061599898235 2.48620316778894023813 -1.69370500764591902509
O  -4.23970789483604537651 1.49065505443300638788 -0.43533659318984618825
H  -4.50090314057084750488 4.35365134145870325000 -1.18597409894314687051
H  -4.66659466312177517722 1.51570155669552786293 -1.32887239774846199758
O  -4.08915052095981224056 2.98399868402581169846 1.21044735846818296565
