C  -8.83008271933269028864 6.31438328748777610855 -2.03307294795554360789
C  -9.35843822459006524639 6.73718245156885497948 -0.66931981485700808854
H  -7.65103393979754731191 7.94888279746825077154 -2.37127700659905427116
H  -6.89356629502167805867 6.72824662368115955502 -1.59005074487668718319
C  -8.63899389075632129220 4.78859884361103826933 -2.05122644163746725710
O  -10.68636931010175139534 6.90271671460771507611 -0.65388115494054788179
H  -9.14276062401132350033 2.18382161945805020054 -2.76545563786447345933
N  -7.55335833870819062241 6.93953197241088037828 -2.33314086837049483591
C  -9.90836254134102212277 3.96577662540697817306 -1.81150860820100567672
H  -8.21164792975579516110 4.53194213002026824455 -3.02189121671232197031
H  -7.90126953490144678938 4.53820063719883215470 -1.28477537821290344056
C  -10.97311608828602480514 4.23585135667543166704 -2.87192046323771776883
H  -10.55995527399538502777 4.09465813146463730732 -3.86817927157879148936
C  -9.54478253312632141103 2.48148749078432118154 -1.79953129618718143945
H  -11.80773369029048325274 3.54983109230933369105 -2.74608096768827714129
H  -11.35676424943386741973 5.24885601556873826468 -2.79041719559239398407
H  -10.32062767352518051212 4.22606729281131610065 -0.83036526089690720909
H  -8.79747388077317715727 2.27294754237787222095 -1.03742912653923191613
H  -10.42336910423194318298 1.87528564913493500654 -1.59188516946551938958
H  -9.55085960033689573834 6.61384594537303094341 -2.79799437755422708562
H  -10.98923797288872528100 7.16157798646934651288 0.23185779609226786491
O  -8.66979258479404002458 6.92733379411126559688 0.29903215287549977930
