C  -8.66132685476162222926 6.23089494213533967581 -1.95373078684761947166
C  -9.44193525960903201621 6.92738661256283805301 -0.84833101876929084550
H  -7.20667354124450021402 7.64857303775233354770 -2.16904021322136220107
H  -6.85504015949188527657 6.49257792715790493787 -1.07001741338651479296
C  -8.70240090638430707770 4.71014430417782126170 -1.71953591826793927844
O  -10.73337074918377354038 7.10315611226415555279 -1.15039311906913832573
H  -9.27176607285463916241 2.04845729399464504539 -2.03121729560796637770
N  -7.27217519008799317959 6.65321982063836259158 -1.98238551765642156965
C  -10.07183276329774024305 4.05364968140669912344 -1.91608656050022929662
H  -7.98105257223920627752 4.26660919832355478576 -2.40794322108518299430
H  -8.35154678074891165807 4.51912370859493162101 -0.70184957779646861553
C  -10.52168657021682385277 4.10782668012825613602 -3.37405779065580180287
H  -9.76929534765377383110 3.66111294605385939605 -4.02024081431584789925
C  -10.00336798407676397460 2.60093341498161034764 -1.44572350549619854654
H  -11.45203081566796043944 3.55866504181995324529 -3.49939078422730620588
H  -10.69244781712481540126 5.13178158897987124476 -3.69397146956061916967
H  -10.81255669704585642421 4.57976724563131565304 -1.30516277405558178693
H  -9.71649234667762939921 2.54647001848365306387 -0.39801226344525209022
H  -10.97050561857952644118 2.11722727920545317204 -1.56053344242059210956
H  -9.11929929112971393579 6.47499168164412441939 -2.91569260510540484432
H  -11.19976648227830828830 7.53699631159840244266 -0.41716602710315342506
O  -8.96302617964513714810 7.29746115246487825345 0.19196911859391074806
