C  -6.74045722350335907436 3.12172577643344784093 0.37451791276849843992
C  -5.62948720288381032617 3.05521915159005441609 -0.63528732659220299439
H  -8.41614255717865766826 4.29514713344912379966 0.61251342215045678774
H  -8.19857055232822062862 3.75513828564331619830 -0.91850853975431157039
C  -7.33324594786425620896 1.74053149878732149602 0.64761110095850971113
O  -5.58724784689729059295 1.96871103140314551716 -1.47910595946955059077
H  -6.55854972183376538908 1.06905643554660745309 1.00433129279925781319
N  -7.71680654643667374160 4.11894042423964013011 -0.10095398661928160766
H  -8.11776410692309013939 1.80945660432361399295 1.39904735764497556438
H  -7.74935549974880188984 1.32539501257316882921 -0.26732586735956520574
H  -6.33377438333000952753 3.53402631963800351045 1.30994672370790254945
H  -5.87677034158943811804 4.92482562919322486295 -0.94157149463340417128
O  -5.25665929860009750740 4.23910422680559229036 -1.23133655970819044789
H  -5.04250977088251950420 2.21833747037368045341 -2.23491207589310914017
