C  -6.87901482902549776810 3.13201186188622626716 0.41920149546567542220
C  -5.73498882520095243365 3.28749304618898818831 -0.55598614916315725054
H  -8.38560982708113300532 3.38589534448186935123 -0.95151389283781995232
H  -7.98065182379044824046 4.76053374170154697254 -0.15211061052603389032
C  -7.15959142856474795025 1.66319568777393067549 0.73142419282437987071
O  -5.80250042793668718843 2.65221895440035559943 -1.79327277665427775588
H  -7.54209181590417809815 1.14460212481290324327 -0.14694027303075521407
N  -8.11744054271295389924 3.76161952001913446608 -0.04669134848214742672
H  -6.25571077319490509439 1.16787008921071744361 1.07577962812091709743
H  -7.91713739682002870524 1.60242082993117307410 1.50646954359484652741
H  -6.58496409974434016021 3.65369049146979518738 1.33496158847199053454
H  -4.85216754185034471192 4.65064169674882776917 -1.55037211885727788108
O  -5.23958789820297621276 4.56422866017330974842 -0.67129125600587435940
H  -6.10588376997080661823 1.74919295120120854570 -1.66069202292046846914
