C  -9.13891955269562217268 4.40527086185724758849 -0.78365938722178263287
C  -10.57154975001257213307 4.34735135367738489975 -0.26545508354992342070
C  -8.13108971884178011180 4.76629894120825348125 0.31567611361540626191
H  -5.29380622394380306872 4.85067614433328042622 -1.47776632883487324399
H  -6.79458826785248515279 4.67213126452311211523 -2.08522805859257998051
C  -6.69237407827975783192 4.36084605405170488979 -0.08514045937934738850
H  -6.73152447465742742594 1.25886066738231305884 0.84406455538217828316
C  -8.15547195906952637756 6.25868134858809277432 0.62994097123784120740
C  -6.60363363740004150060 2.84565009416059533365 -0.20701912981576311990
H  -7.78732586199890519651 6.81600474341077777751 -0.22676163174284622026
N  -6.27366447951480754597 5.03921494477945319801 -1.29496312742130847973
O  -6.78747518223362966694 2.22097141644547235728 0.96168738856222146794
H  -11.25012314457737261364 4.06881267562689341588 -1.06839228088298843211
O  -6.38604123316827099188 2.25368250020412297374 -1.23238309519558053573
H  -8.38183339056266163425 4.20121099416762433520 1.21961414427100045543
H  -9.16501547855425258149 6.58578160472488338684 0.86128191226857653273
H  -7.52025666161343764315 6.47850031413037008576 1.48444941726862267295
H  -6.02155358336010415599 4.66049423044446697872 0.72896124485972857432
H  -8.88371717185420450846 3.42932221155434868720 -1.20428937513958289607
H  -9.07407115573499112315 5.14312150573058080028 -1.58486822980751651535
H  -10.66114863084448494135 3.60993690119077381695 0.52963880157597920117
H  -10.88689936323008744523 5.31146522780816798814 0.12453863854254570986
