C  -9.19276531957893006108 5.27769347485945150567 -0.93615542190086786789
C  -10.69142994086809217436 5.11599693642234321089 -0.71308760912889002093
C  -8.35163307647062502781 4.37623786349843335586 -0.02644251458317214976
H  -6.06937027933011030711 3.64736127160341139231 -2.36167994974286710175
H  -7.32632344194092866019 2.72155583452259852706 -1.86862717700850411440
C  -6.92558826953433825935 4.26057394417443635604 -0.61106585886492759130
H  -4.70343242990660836966 3.56421045316245166390 1.64341963481642050482
C  -8.30809726547832561039 4.89822544049094776852 1.40673660437136538448
C  -6.06565220080179390294 3.41035579318056036868 0.31253838401640632316
H  -7.81778450442542549581 4.18706731859905012527 2.06777854816442641095
N  -6.99218434053685911067 3.67827571985224288653 -1.94132414107438666662
O  -5.23603191977917603595 4.13803697611166398929 1.06851732714148406345
H  -10.97703345377043504527 5.40415813438417558245 0.29566912490222274634
O  -6.08969051276774653303 2.20729352460485683807 0.34885134997505518051
H  -8.78609005725110314700 3.37061951182417596229 -0.02879120552470013084
H  -7.76570337549543410205 5.84024622949998750698 1.45238698392022747008
H  -9.31570273204128262989 5.06022882999615042365 1.77920601067283135066
H  -6.48154415958237617446 5.25817880088159927965 -0.68232377662510090843
H  -8.95620551689789579086 5.02491985841199451102 -1.97021474559899378853
H  -8.90681160767435997627 6.31804363984450656488 -0.76826690402803432534
H  -11.24223496249975795536 5.74240702469142938469 -1.41071537168833849307
H  -10.99077363336852997122 4.08259941938345605195 -0.87248229221166895275
