C  -9.64889132030149099251 4.45646597118615073185 -0.86734447341491416328
C  -9.84982810192821744977 5.96286778565908903715 -0.75230095951791298159
C  -8.49888266284547277962 3.89232863463237555024 -0.02278074962208689880
H  -7.00230663834944611068 2.87113817177251906543 -1.99670799612826121994
H  -6.15553197984051614355 4.21604882339068876007 -2.38686430443577357607
C  -7.13453921921205314050 4.33333218230959715811 -0.59828939107568579470
H  -4.80735970176683657940 4.23124531839324102833 1.65470779819559266066
C  -8.62276053459894775699 4.26442363870021079464 1.45291163666796374621
C  -6.02322106511241717186 3.74949896028698681505 0.26129342810108768802
H  -9.64151084034691763236 4.09588548620846104598 1.79397319088982509783
N  -7.02313316229699768911 3.88683146892477404677 -1.97658023994767506615
O  -5.50885158854463163891 4.63759772308877771252 1.12001714864192702947
H  -8.95988063836804116136 6.50033148278346395443 -1.06703841366372254029
O  -5.61444990563111456794 2.62069954880424216270 0.17285898176046002317
H  -8.53708920987211783427 2.79994569393836734150 -0.10966646353542183756
H  -7.95836788229416125517 3.65451611789595132151 2.06124920288635937737
H  -8.36687212947847669398 5.30830251004547637450 1.61425540826018965035
H  -7.05413846399657007424 5.42311503106300740740 -0.56806203703907121039
H  -10.56990839605782639410 3.95356316476988833841 -0.56393224581687939612
H  -9.45075294854282610402 4.20315906811036921198 -1.90926207203216202757
H  -10.67153188967276378207 6.27024574671444501206 -1.39510597092988808399
H  -10.09227472094225142030 6.25274347132180441378 0.26659552175603740132
