C  -9.57717300189714748626 4.47321766887308491789 -0.53005351187694493831
C  -10.45937283704231113290 4.02966672964696037695 0.63099777149838764956
C  -8.26355545244148714801 5.12045047497669258973 -0.07901100971300906162
H  -5.72875683065385565840 4.03475494884715057964 1.81549861763636721790
H  -5.80078731536622971277 5.40943411993915734826 0.94675319415611824958
C  -7.25730634810587549310 4.07799928693153379555 0.46776262438288346290
H  -6.69337579264527171574 2.12122064024157186424 -2.05524513891528259890
C  -7.65436582678201027363 5.93951802787854177268 -1.21723151927820083529
C  -6.48931328736469037466 3.40959828751310833894 -0.66318357102277269988
H  -7.54536532140237614641 5.33308306277030919063 -2.11460706150820954008
N  -6.37004404230691712030 4.71607336671166521569 1.42239989371608266389
O  -7.22330153048937351201 2.52301392637204502378 -1.34765000119525368838
H  -11.39130726551248073974 3.61367117733228937482 0.25540609741395664534
O  -5.33175426816669162378 3.62053982008991193098 -0.91635107237930557567
H  -8.46966156839562422931 5.79105951287854381349 0.76135955615161954313
H  -8.29675179477849766840 6.78438718288765585385 -1.45490353912236303202
H  -6.67503473621282861217 6.32498408295991332295 -0.94390997111158947419
H  -7.81320650471228450584 3.29675793034663566772 0.99611011612029054518
H  -9.35768069129877844148 3.61858893047174490221 -1.17190204340923909143
H  -10.12938791014745554264 5.20273388020952243238 -1.12652159356050152184
H  -9.96989640945422550544 3.26909442344074863129 1.23377060021064721695
H  -10.69468426482346856687 4.87443851868125932469 1.27443856180632653086
