C  -9.30038573044829242065 4.04078019567442581206 0.56448166505877561683
C  -10.64013925839998364609 4.76850572493802360441 0.57757406053415705216
C  -8.13591228410925104697 4.93918936196849589493 0.13749759927270827076
H  -4.83775916588304788490 4.69715101087080277864 0.65484508830322574191
H  -5.61703317885093778017 5.75045735436754501535 -0.31087275546739001619
C  -6.78232892555275856949 4.20288500249493690575 0.29899787852099529717
H  -7.03220433013605195072 1.66365132733191511960 -1.70148366898015468429
C  -8.31495037052376240183 5.46370513378410116445 -1.28682680152249462324
C  -6.49777417483562302891 3.30901699813916216897 -0.89987485052834337296
H  -7.41092373106062662913 5.95839308188091631990 -1.63424652885633747701
N  -5.72415507461701444925 5.17156713925806510446 0.51642762762852734149
O  -7.24940564915228158327 2.20203153557250663752 -0.92295917988650155728
H  -10.57994268125054304619 5.66546224333101733350 1.19009705694673284526
O  -5.66788788430821277586 3.54362293712357567799 -1.73932193677844160185
H  -8.08170480668201207664 5.79259455615923180005 0.82121444410012567339
H  -8.54344586898202784653 4.64931029458755329387 -1.97217324898649981613
H  -9.12639412653827264421 6.18492803591966300303 -1.32751998540082216671
H  -6.83806798942797122720 3.56008647108723152996 1.18513147509421590264
H  -9.09817750835334315695 3.66507626025582489149 1.57010087705386647272
H  -9.35900150036118816388 3.17978195169650135199 -0.10343519893680964972
H  -10.94412106547604324192 5.05387515962497158029 -0.42563148800239275493
H  -11.41036769505053882767 4.12221422393347225466 0.99190487083288214620
